0.12697
0.897237
0.451376
0.840255
0.123102
0.543026
0.859879
0.820388
0.352054
0.776784
0.594784
0.137554
0.8529
0.235507
0.146227
0.589869
0.574012
0.06127
0.24535
0.340445
0.984729
0.0377717
0.861549
0.753569
0.170917
0.274592
0.462354
0.871372
0.401131
0.610588
0.117967
0.199864
0.0997368
0.481384
0.0959389
0.497306
0.838796
0.897333
0.732592
0.758724
0.560657
0.471478
0.138768
0.0944611
0.134099
0.6307
0.639568
0.43349
0.155847
0.862609
0.0857089
0.566103
0.149825
0.477454
0.848938
0.140144
0.619379
0.395043
0.80998
0.386999
0.544759
0.562942
0.249772
0.207901
0.657298
0.249316
0.247345
0.187918
0.886192
0.690829
0.606042
0.0609742
0.168593
0.913318
0.216804
0.932143
0.277999
0.921464
0.449268
0.419269
0.415514
0.804784
0.784619
0.697388
0.500738
0.497259
0.770191
0.0303616
0.273989
0.421774
0.525153
0.591713
0.418438
0.751128
0.907872
0.53566
0.559253
0.86702
0.123097
0.8083
