0.425076 0.341739
0.281512 0.519641
0.231299 0.509628
0.340319 0.289452
0.201531 0.483438
0.323815 0.51726
0.303578 0.410038
0.318283 0.389723
0.251445 0.441214
0.376552 0.34778
0.277432 0.375433
0.348209 0.409942
0.29815 0.408636
0.240208 0.424993
0.272641 0.389125
0.360861 0.308406
0.317899 0.330981
0.247103 0.450677
0.221933 0.322661
0.316193 0.190248
0.38144 0.446322
0.4025 0.371314
0.252731 0.422221
0.262735 0.514459
0.319598 0.444025
0.353329 0.324005
0.33137 0.288387
0.137216 0.375987
0.260721 0.495746
0.245011 0.364034
0.277148 0.409057
0.442757 0.37701
0.323518 0.425109
0.208368 0.476455
0.356068 0.49039
0.131712 0.461102
0.223838 0.395617
0.237419 0.444449
0.306756 0.353927
0.243009 0.496281
0.211771 0.346531
0.241955 0.389602
0.166053 0.459117
0.379835 0.383561
0.186558 0.312864
0.386927 0.405258
0.438137 0.560475
0.336954 0.246705
0.274021 0.261305
0.301322 0.382176
0.3685 0.434234
0.377772 0.40532
0.247056 0.417393
0.375231 0.308673
0.457395 0.459295
0.29616 0.372671
0.305711 0.443803
0.310778 0.423461
0.384219 0.408781
0.322478 0.340169
0.357842 0.187449
0.363508 0.337462
0.276062 0.388637
0.33209 0.336928
0.275459 0.53175
0.476482 0.484636
0.308068 0.433438
0.295675 0.410823
0.256746 0.442
0.313016 0.39284
0.357966 0.490356
0.251499 0.383216
0.396502 0.427837
0.350409 0.400704
0.230595 0.359566
0.326571 0.408231
0.222689 0.436476
0.240608 0.38608
0.319587 0.397125
0.301301 0.362011
0.29155 0.334476
0.234071 0.399987
0.337652 0.314342
0.252017 0.337531
0.342653 0.35302
0.344131 0.453216
0.302525 0.441001
0.450833 0.404808
0.239588 0.386403
0.197638 0.397401
0.260534 0.371925
0.243621 0.521697
0.481597 0.511261
0.24071 0.471589
0.297302 0.339486
0.326008 0.421814
0.270444 0.509977
0.388464 0.528677
0.181915 0.314818
0.387026 0.518322
0.203158 0.46965
0.420681 0.340612
0.0863112 0.421185
0.314549 0.299948
0.201141 0.322408
0.304629 0.263228
0.318063 0.382893
0.385768 0.300335
0.32997 0.315752
0.192346 0.486744
0.287481 0.556677
0.290591 0.455871
0.289908 0.332442
0.228529 0.344647
0.235966 0.411758
0.312514 0.430611
0.219142 0.358619
0.301733 0.268782
0.346507 0.447042
0.3927 0.481178
0.402654 0.347208
0.375002 0.495978
0.268457 0.406609
0.369392 0.427388
0.393702 0.466219
0.217961 0.465924
0.28938 0.295233
0.204585 0.527542
0.332234 0.431136
0.212625 0.45691
0.413339 0.420548
0.330168 0.436368
0.353875 0.375714
0.403895 0.4768
0.441841 0.442237
0.313304 0.509361
0.187763 0.226477
0.187979 0.510103
0.266862 0.413584
0.289747 0.329211
0.445394 0.374514
0.397406 0.464118
0.367719 0.255644
0.216462 0.373472
0.274512 0.390677
0.441161 0.408212
0.358344 0.348729
0.289323 0.466736
0.255488 0.562676
0.330644 0.432208
