0.698983 0.657838
1.0403 0.51764
0.460262 0.659872
0.653291 0.615444
0.748463 0.540384
0.694652 0.640431
0.541527 0.660816
0.422747 0.620333
0.954163 0.831227
0.981723 0.604259
0.676238 0.795
0.819647 0.667246
0.544159 0.580702
0.492937 0.700613
0.517957 0.715432
0.712251 0.805591
0.961865 0.68337
1.11038 0.703253
0.63397 0.621634
0.937599 0.577323
0.653688 0.486194
0.764336 0.542007
0.87377 0.722732
0.964904 0.559602
0.960569 0.72746
0.531959 0.526488
1.21396 0.537511
0.878209 0.702282
0.662315 0.461117
0.575949 0.662478
0.876547 0.609843
0.872096 0.737541
0.933499 0.8357
1.05092 0.697152
0.654518 0.616396
0.70403 0.72449
0.968947 0.558639
0.838697 0.438911
0.678088 0.643613
0.863443 0.575274
0.433229 0.713869
0.739333 0.542706
0.738135 0.58301
0.64378 0.550757
0.635129 0.581688
0.772378 0.578462
0.546487 0.65424
0.470423 0.462816
0.377525 0.45123
0.542298 0.59605
0.639093 0.606625
0.832655 0.564332
0.691702 0.625605
0.680942 0.549699
0.751257 0.490743
1.19791 0.594381
0.316559 0.580884
0.873831 0.924313
0.687777 0.665771
0.624074 0.764617
0.832301 0.48835
0.739461 0.597531
0.607764 0.614675
0.669735 0.519534
0.846376 0.522603
0.886286 0.521809
0.727821 0.392799
0.556153 0.357761
0.747066 0.474515
0.700669 0.555395
0.695304 0.523534
0.571787 0.779201
0.635843 0.428806
0.73734 0.575955
0.855948 0.474188
0.730316 0.607716
0.760627 0.64518
0.575958 0.506561
0.493156 0.758553
0.592191 0.468054
0.786225 0.589699
0.79172 0.658188
0.322196 0.465334
0.568896 0.71641
0.544728 0.64142
0.650505 0.479027
0.527989 0.696144
1.01017 0.570031
0.72725 0.537494
0.84922 0.594274
0.654055 0.514423
0.611623 0.652445
0.419256 0.685199
0.646365 0.762948
0.864873 0.737521
0.474277 0.629347
0.651932 0.496651
0.549601 0.685668
0.869183 0.443501
0.673237 0.630768
0.599249 0.47722
0.68959 0.578932
0.288835 0.431946
0.766669 0.676879
0.494867 0.839456
0.670803 0.672396
0.987884 0.641857
0.984037 0.534934
0.640834 0.565325
0.828337 0.558142
0.816421 0.673092
0.649153 0.892341
0.980651 0.53543
0.888193 0.413962
0.550012 0.686763
0.564156 0.666413
0.776902 0.478425
1.14399 0.62535
1.05767 0.626998
0.444976 0.669697
0.504115 0.645367
0.851564 0.537999
0.513449 0.70199
0.508323 0.585645
0.810602 0.568336
0.752472 0.540064
0.596976 0.482699
0.795048 0.753549
0.758676 0.616584
0.212145 0.432981
0.544357 0.60691
0.775654 0.68545
0.765133 0.498228
0.747773 0.42037
0.82161 0.4281
0.833336 0.540466
0.839719 0.630584
1.12683 0.692244
0.746418 0.623573
0.870634 0.574591
0.924211 0.523222
0.758768 0.759508
0.603182 0.546919
0.648206 0.766662
0.718659 0.767944
0.784805 0.577968
0.734706 0.711801
0.671043 0.685775
1.19992 0.466332
0.966138 0.621228
